5653
5891
5724
7869
10448
13532
16651
20066
23098
27867
30661
34567
43331
43599
55217
54841
59040
64485
71188
77944
83860
90334
108726
116926
112462
118992
127837
135437
143723
161149
160328
172145
188886
207714
194470
204262
213121
226352
233586
244587
254927
277478
285018
285845
297271
315017
321425
334333
348138
355393
368939
384483
393631
410928
473476
434253
448681
465829
564677
673526
526887
549583
537552
544261
558401
577587
586974
602827
621161
635392
655939
667636
687567
764916
787304
735412
761734
772352
825581
807796
826987
843046
863039
900965
900587
916833
937638
955375
988772
1004166
1016441
1042646
1053951
1080537
1099137
1121788
1140349
1157711
1203409
1220579
