5220
2652
2711
3504
4167
6005
6706
8055
8177
8765
10583
12855
15088
14513
19385
16444
17288
18009
18599
19215
20561
22146
23500
24895
26313
27906
29322
30784
31550
33215
34674
34889
35945
35913
36700
37435
38542
38710
39200
40772
41114
43020
45457
47855
51723
52735
55849
59380
60575
63229
65856
68709
60521
72371
74134
64250
77246
67357
76275
84266
72552
72163
73600
73912
75151
76374
76793
78249
77836
80308
80537
81652
82233
82412
84085
84516
85830
86078
87297
87491
89159
89482
91991
93963
96748
97014
98308
99875
100991
103246
105328
106211
110082
113932
111679
113082
113999
116201
117351
138135
120460
123861
123043
125744
126388
128021
129543
131050
133874
135535
136224
135692
139109
140244
141400
159119
147008
145193
149325
148833
150088
152067
153676
156919
154539
154613
156418
155858
158366
162887
159064
159356
159243
161482
161654
164588
162347
163988
164911
166804
166750
169791
168129
169165
172127
170528
172010
174264
173418
175511
174615
175543
175384
179883
178087
178289
179539
179034
182499
184861
182119
182458
183666
185683
192724
190950
194230
195435
197439
203314
203016
204600
208373
203616
223929
213285
211476
214457
219131
215911
217559
223131
225567
230525
221724
232341
225581
239245
231808
240423
238894
251800
262091
233493
237272
246183
256858
247521
247834
271422
265387
256078
261014
286032
272055
252929
278730
281163
287376
263642
262665
265964
265862
265340
278057
271501
272524
274365
277114
273752
281150
283033
296312
281503
300916
298094
288065
300025
294285
294364
293770
296229
349542
301434
301082
309547
343846
310241
314167
315433
323996
334431
317741
317883
321791
319557
323277
324399
323349
324466
327739
327164
327442
332397
329183
329379
335369
333868
333886
338181
335591
338033
339492
339832
339485
342521
342942
344396
344188
346441
346076
366424
349421
348425
350670
350531
353364
360014
354269
360361
356684
358202
364519
361292
361619
363029
362886
365461
367622
373799
381084
367006
413951
386401
370754
370553
373784
374880
377350
376593
377428
394820
380067
381220
399746
382132
387672
385183
386927
388076
388464
389338
387875
390363
405777
391503
392526
393264
395339
399702
397887
398722
397974
400677
416831
401873
403278
404371
407910
409963
409977
414216
414381
419866
436965
420248
437528
426393
435405
432470
434228
436927
434323
438904
434303
438177
435577
442615
443999
443277
445559
448642
467469
451949
455555
452776
471629
458772
463203
464216
467660
472682
468827
471715
472746
475163
476817
477980
476394
483975
481241
486950
483746
491451
490051
494002
494186
510136
495288
503700
503268
506599
516547
506691
508318
513250
510851
514275
514260
520069
516950
517879
520735
536162
521111
526953
524289
528833
525494
530711
533463
533904
536069
535327
538882
539137
541937
541029
560416
542825
552484
552208
552781
564382
556635
574576
558616
561003
561017
566402
567721
567108
570611
570091
574103
574400
576281
576378
581692
597534
581457
588311
590407
591208
596471
597976
597127
597613
595354
600131
598928
603446
602462
605089
607124
605407
609213
609243
609238
616055
613138
617408
619145
629058
636221
628364
627191
627845
626000
633228
630520
629689
634799
634698
633927
643808
638643
641715
644684
642849
646416
651185
649887
655669
662221
662391
665074
665625
674861
662026
668191
664915
669581
668420
679350
674058
680608
