10284
7140
12660
21636
32913
46539
62464
80659
101293
124089
149454
176782
211236
238770
272699
309600
348752
389682
433339
478964
529247
579064
630470
685621
742578
812408
864447
928372
995257
1063437
1135705
1213602
1283823
1361749
1446841
1541197
1609719
1696656
1786041
1879128
1972713
2071058
2166986
2268585
2389332
2481951
2587520
2695361
2811622
2927302
3039337
3166320
3282780
3404715
3532897
3660068
3790625
3925230
4081077
4199673
4344385
4480847
4627425
4772732
4922555
5076597
5246566
5403391
5548796
5775437
5894915
6074383
6225343
6411191
6590819
6751648
7001679
7149394
7287320
7466237
7821923
8040077
8166938
8221549
8476106
8667588
8912210
9074816
9281658
9430603
9681486
9942084
10142571
10352323
10607962
10783432
11023087
11619988
11665031
11756229
